0 0 0 0 1 1 1 1 1 1 1 1 1 1 1 0 0 0 0 0 
0 0 0 1 1 1 1 0 1 1 1 1 1 1 1 1 0 0 0 0 
0 0 1 1 0 0 0 0 0 0 0 1 1 1 1 1 1 0 0 0 
0 1 1 0 0 0 0 0 0 0 0 0 1 1 1 1 1 0 0 0 
0 1 0 0 0 0 0 0 0 0 0 0 0 1 1 1 1 0 0 0 
0 1 0 0 0 0 0 0 0 0 0 0 0 1 1 1 1 0 0 0 
1 1 1 1 1 1 1 0 1 1 1 1 1 0 1 1 1 1 0 0 
1 1 1 0 1 0 1 0 1 0 1 0 1 0 1 1 1 1 0 0 
1 1 1 1 1 1 1 0 1 1 1 1 1 0 1 1 1 1 0 0 
1 1 0 0 0 0 0 1 0 0 0 0 0 0 1 1 1 1 0 0 
1 1 0 0 0 0 0 1 0 0 0 0 0 0 1 1 1 1 0 0 
1 1 0 0 0 0 1 1 1 0 0 0 0 0 1 1 1 1 0 0 
1 1 0 0 0 0 0 1 0 0 0 0 0 1 1 1 1 1 0 0 
1 1 1 0 0 0 0 0 0 1 0 0 0 1 1 1 1 1 1 0 
1 1 1 0 0 1 1 1 1 1 0 0 0 1 1 1 1 1 1 0 
1 1 1 0 0 0 0 0 0 0 0 0 1 1 1 1 1 1 1 1 
1 1 1 1 0 0 0 0 0 0 0 1 1 1 1 1 1 1 1 1 
1 1 1 1 1 1 1 1 1 1 1 1 1 1 1 1 1 1 1 1 
1 1 1 1 1 0 0 0 0 1 1 1 1 1 1 1 1 1 1 1 
1 1 0 0 1 0 0 0 0 0 0 0 0 0 1 1 0 1 1 1 
5
 0  0  0  0  0  2  2  0  2  2  0  0  0  0  0  0  0  0  0  0 
 0  0  0  2  0  1  3  1  3  1  0  3  0  0  0  0  0  0  0  0 
 0  0  2  1  2  1  1  4  1  1  2  1  4  0  0  0  0  0  0  0 
 0  0  3  1  3  1  1  1  1  2  3  1  3  6  0  0  0  0  0  0 
14 17  6  3  3  1  1  1  1  2  2  3  4  7 20 19 17 14  7  5 
7
 0  0  0  0  0  0 11 
 0  0  0  0  0  4  8 
 0  0  0  0  0  2  6 
 0  0  0  0  0  2  5 
 0  0  0  0  0  1  4 
 0  0  0  0  0  1  4 
 0  0  0  0  7  5  4 
 3  1  1  1  1  1  4 
 0  0  0  0  7  5  4 
 0  0  0  0  2  1  4 
 0  0  0  0  2  1  4 
 0  0  0  0  2  3  4 
 0  0  0  0  2  1  5 
 0  0  0  0  3  1  6 
 0  0  0  0  3  5  6 
 0  0  0  0  0  3  8 
 0  0  0  0  0  4  9 
 0  0  0  0  0  0 20 
 0  0  0  0  0  5 11 
 0  0  0  2  1  2  3 
215