0 0 0 1 1 1 1 1 1 1 1 1 0 0 0 
0 0 1 1 0 0 0 0 0 0 0 1 1 0 0 
0 1 1 0 0 0 0 0 0 0 0 0 1 1 0 
1 1 0 0 0 0 0 0 0 0 0 0 0 1 1 
1 1 0 0 0 0 0 0 0 0 0 0 0 1 1 
1 1 0 0 0 0 0 0 0 0 0 0 0 1 1 
1 1 1 1 1 1 1 1 1 1 1 1 1 1 1 
0 1 0 0 0 0 0 0 0 0 0 0 0 1 0 
0 1 0 1 1 1 0 0 1 1 1 1 0 1 0 
0 1 0 1 0 1 0 0 1 0 0 1 0 1 0 
0 1 0 1 1 1 0 0 1 0 0 1 0 1 0 
0 1 0 0 0 0 0 0 1 0 0 1 0 1 0 
0 1 0 0 0 0 0 0 1 0 0 1 0 1 0 
0 1 0 0 0 0 0 0 1 0 0 1 0 1 0 
0 1 1 1 1 1 1 1 1 1 1 1 1 1 0 
5
 0  0  0  0  1  0  0  0  0  0  0  0  0  0  0 
 0  0  0  2  1  1  0  0  0  1  1  0  0  0  0 
 0  0  2  1  1  1  1  1  1  1  1  2  2  0  0 
 0  0  1  3  1  3  1  1  1  1  1  1  1  0  0 
 4 13  1  1  1  1  1  1  7  1  1  7  1 13  4 
6
 0  0  0  0  0  9 
 0  0  0  0  2  2 
 0  0  0  0  2  2 
 0  0  0  0  2  2 
 0  0  0  0  2  2 
 0  0  0  0  2  2 
 0  0  0  0  0 15 
 0  0  0  0  1  1 
 0  0  1  3  4  1 
 1  1  1  1  1  1 
 0  1  3  1  1  1 
 0  0  1  1  1  1 
 0  0  1  1  1  1 
 0  0  1  1  1  1 
 0  0  0  0  0 13 
93