0 1 1 1 1 1 1 1 0 0 
0 1 0 0 0 0 0 1 1 1 
0 1 0 1 0 1 0 1 0 1 
0 1 1 0 1 0 1 1 0 1 
0 1 1 0 0 0 1 1 0 1 
0 1 0 1 0 1 0 1 1 0 
0 1 0 0 1 0 0 1 0 0 
0 1 1 0 0 0 1 1 0 0 
0 0 1 1 1 1 1 0 0 0 
1 1 1 1 1 1 1 1 1 0 
4
 0  0  0  1  1  1  0  0  0  0 
 0  0  1  1  1  1  1  0  1  0 
 0  8  2  1  1  1  2  8  1  0 
 1  1  3  2  2  2  3  1  1  4 
5
 0  0  0  0  7 
 0  0  0  1  3 
 1  1  1  1  1 
 0  2  1  2  1 
 0  0  2  2  1 
 0  1  1  1  2 
 0  0  1  1  1 
 0  0  0  2  2 
 0  0  0  0  5 
 0  0  0  0  9 
53