0 0 0 1 0 0 0 1 0 1 1 1 1 1 0 1 0 0 0 1 0 1 1 1 1 1 0 0 0 0 
0 0 0 1 1 0 0 1 0 1 0 0 0 0 0 1 1 0 1 1 0 1 0 0 0 1 0 0 0 0 
0 0 0 1 0 1 0 1 0 1 1 1 1 1 0 1 0 1 0 1 0 1 0 0 0 1 0 0 0 0 
0 0 0 1 0 0 1 1 0 1 0 0 0 0 0 1 0 0 0 1 0 1 0 0 0 1 0 0 0 0 
0 0 0 1 0 0 0 1 0 1 1 1 1 1 0 1 0 0 0 1 0 1 1 1 1 1 0 0 0 0 
0 0 0 0 0 0 0 0 0 0 0 0 0 0 0 0 0 0 0 0 0 0 0 0 0 0 0 0 0 0 
0 0 1 0 0 0 0 0 1 1 1 1 1 0 1 1 1 1 1 0 1 0 1 1 1 1 1 0 0 0 
0 0 1 0 0 0 0 0 1 0 0 0 1 0 1 0 0 0 0 0 1 0 1 0 0 0 0 0 0 0 
0 0 1 0 0 0 0 0 1 0 0 0 1 0 1 0 1 1 1 0 1 0 1 0 0 0 0 0 0 0 
0 0 1 0 0 0 0 0 1 0 0 0 1 0 1 0 0 0 1 0 1 0 1 0 0 0 0 0 0 0 
0 0 1 1 1 1 1 0 1 1 1 1 1 0 1 1 1 1 1 0 1 0 1 1 1 1 1 0 0 0 
0 0 0 0 0 0 0 0 0 0 0 0 0 0 0 0 0 0 0 0 0 0 0 0 0 0 0 0 0 0 
0 0 0 0 0 0 0 0 0 1 1 1 1 1 1 1 1 1 1 1 0 0 0 0 0 0 0 0 0 0 
0 0 0 0 0 0 0 0 1 1 1 1 0 1 1 1 1 1 1 1 1 0 0 0 0 0 0 0 0 0 
0 0 0 0 0 0 0 1 1 0 0 0 0 0 0 0 1 1 1 1 1 1 0 0 0 0 0 0 0 0 
0 0 0 0 0 0 1 1 0 0 0 0 0 0 0 0 0 1 1 1 1 1 0 0 0 0 0 0 0 0 
0 0 0 0 0 0 1 0 0 0 0 0 0 0 0 0 0 0 1 1 1 1 0 0 0 0 0 0 0 0 
0 0 0 0 0 0 1 0 0 0 0 0 0 0 0 0 0 0 1 1 1 1 0 0 0 0 0 0 0 0 
0 0 0 0 0 1 1 1 1 1 1 1 0 1 1 1 1 1 0 1 1 1 1 0 0 0 0 0 0 0 
0 0 0 0 0 1 1 1 0 1 0 1 0 1 0 1 0 1 0 1 1 1 1 0 0 0 0 0 0 0 
0 0 0 0 0 1 1 1 1 1 1 1 0 1 1 1 1 1 0 1 1 1 1 0 0 0 0 0 0 0 
0 0 0 0 0 1 1 0 0 0 0 0 1 0 0 0 0 0 0 1 1 1 1 0 0 0 0 0 0 0 
0 0 0 0 0 1 1 0 0 0 0 0 1 0 0 0 0 0 0 1 1 1 1 0 0 0 0 0 0 0 
0 0 0 0 0 1 1 0 0 0 0 1 1 1 0 0 0 0 0 1 1 1 1 0 0 0 0 0 0 0 
0 0 0 0 0 1 1 0 0 0 0 0 1 0 0 0 0 0 1 1 1 1 1 0 0 0 0 0 0 0 
0 0 0 0 0 1 1 1 0 0 0 0 0 0 1 0 0 0 1 1 1 1 1 1 0 0 0 0 0 0 
0 0 0 0 0 1 1 1 0 0 1 1 1 1 1 0 0 0 1 1 1 1 1 1 0 0 0 0 0 0 
0 0 0 0 0 1 1 1 0 0 0 0 0 0 0 0 0 1 1 1 1 1 1 1 1 0 0 0 0 0 
0 0 0 0 0 1 1 1 1 0 0 0 0 0 0 0 1 1 1 1 1 1 1 1 1 0 0 0 0 0 
0 0 0 0 0 1 1 1 1 1 0 0 0 0 0 1 1 1 1 1 1 1 1 1 1 0 0 0 0 0 
9
 0  0  0  0  0  0  0  0  0  0  1  1  0  0  0  0  0  0  0  0  0  0  0  0  0  0  0  0  0  0 
 0  0  0  0  0  0  0  0  0  0  1  1  0  0  0  0  1  0  0  0  0  0  0  0  0  0  0  0  0  0 
 0  0  0  0  0  0  0  0  0  0  1  1  1  1  0  0  1  1  0  0  0  0  0  0  0  0  0  0  0  0 
 0  0  0  0  0  0  0  0  0  5  1  1  1  1  0  5  1  1  0  0  0  0  0  0  0  0  0  0  0  0 
 0  0  0  0  0  0  0  0  5  1  1  1  1  1  5  1  1  1  1  0  0  0  0  1  1  0  0  0  0  0 
 0  0  0  0  0  0  0  5  2  1  2  2  5  2  2  1  3  1  1  0  0  0  1  1  1  0  0  0  0  0 
 0  0  0  0  0  1  1  2  1  2  1  2  1  2  1  2  1  4  3  0  0  0  1  1  1  5  0  0  0  0 
 0  0  0  5  1  1  1  2  1  3  1  1  4  1  1  3  1  2  6  5  5  5  5  1  1  1  1  0  0  0 
 0  0  5  1  1 12 15  5  2  1  1  1  1  1  2  1  2  3  6 18 17 16 12  5  3  1  1  0  0  0 
9
 0  0  0  1  1  5  1  1  5 
 0  0  2  1  1  2  2  1  1 
 1  1  1  5  1  1  1  1  1 
 0  0  1  2  1  1  1  1  1 
 0  0  0  1  1  5  1  1  5 
 0  0  0  0  0  0  0  0  0 
 0  0  0  0  1  5  5  1  5 
 0  0  0  1  1  1  1  1  1 
 0  0  1  1  1  1  3  1  1 
 0  0  1  1  1  1  1  1  1 
 0  0  0  0  5  5  5  1  5 
 0  0  0  0  0  0  0  0  0 
 0  0  0  0  0  0  0  0 11 
 0  0  0  0  0  0  0  4  8 
 0  0  0  0  0  0  0  2  6 
 0  0  0  0  0  0  0  2  5 
 0  0  0  0  0  0  0  1  4 
 0  0  0  0  0  0  0  1  4 
 0  0  0  0  0  0  7  5  4 
 0  0  3  1  1  1  1  1  4 
 0  0  0  0  0  2  3  3  4 
 0  0  0  0  0  0  2  1  4 
 0  0  0  0  0  0  2  1  4 
 0  0  0  0  0  0  2  3  4 
 0  0  0  0  0  0  2  1  5 
 0  0  0  0  0  0  3  1  6 
 0  0  0  0  0  0  3  5  6 
 0  0  0  0  0  0  0  3  8 
 0  0  0  0  0  0  0  4  9 
 0  0  0  0  0  0  0  5 10 